1       0       0.0     0.0
2       438     34.02551180574363       34.02551180574363
3       2877    148.99756082971757      183.0230726354612
4       5151    200.07467044678708      383.09774308224826
5       8237    255.95263994877655      639.0503830310248
6       8741    226.34474786453967      865.3951308955645
7       9985    221.62083195065244      1087.015962846217
8       11655   226.35122151594868      1313.3671843621657
9       13766   237.64342745706082      1551.0106118192266
10      16358   254.15037539650885      1805.1609872157355
11      19328   272.9950569453769       2078.1560441611123
12      21640   280.1796329818464       2358.3356771429585
13      23238   277.7256211246472       2636.0612982676057
14      23339   259.0089432597034       2895.070241527309
15      26864   278.2530743225257       3173.3233158498347
16      29462   286.09007671827027      3459.413392568105
17      28207   257.79146159135394      3717.2048541594586
18      30587   264.01276752975156      3981.2176216892103
19      29847   244.06619823745024      4225.283819926661
20      31143   241.93071099686622      4467.214530923527
21      30033   222.19791173339826      4689.412442656925
22      30109   212.63473120779062      4902.047173864716
23      30964   209.1653658036621       5111.212539668378
24      31040   200.94213973559408      5312.154679403971
25      30376   188.77788979201256      5500.932569195984
26      29288   175.0156638157042       5675.948233011688
27      30314   174.43757227791522      5850.385805289603
28      30524   169.37291623589672      6019.7587215255
29      30116   161.34660896579678      6181.105330491297
30      30254   156.68307978249132      6337.788410273788
31      28370   142.1864442375824       6479.974854511371
32      28430   138.03443216856328      6618.009286679934
33      27993   131.79412646716227      6749.803413147097
34      29662   135.54455159575178      6885.3479647428485
35      28034   124.44503561150908      7009.793000354358
36      27530   118.8130821933184       7128.606082547676
37      30044   126.15851865873896      7254.764601206415
38      27219   111.28820065375344      7366.052801860169
39      27077   107.86895950873674      7473.921761368906
40      28003   108.7689962438629       7582.690757612769
41      26646   100.97380416258436      7683.664561775353
42      26324   97.37851410897972       7781.043075884332
43      26096   94.29008772248974       7875.333163606822
44      26095   92.14360010075552       7967.476763707578
45      24728   85.37624108903385       8052.853004796612
46      26451   89.33976700156094       8142.192771798173
47      25054   82.820865907034 8225.013637705208
48      25578   82.79152786979743       8307.805165575006
49      25157   79.76701150844214       8387.572177083448
50      24190   75.16686124026836       8462.739038323716
51      24346   74.16824338997534       8536.907281713691
52      25660   76.66795161006162       8613.575233323752
53      26206   76.82196626012903       8690.397199583882
54      26550   76.38908662628899       8766.78628621017
55      24144   68.20356637923406       8834.989852589404
56      24956   69.23847624136808       8904.228328830772
57      25338   69.06500185323497       8973.293330684006
58      24738   66.26697457490836       9039.560305258914
59      23197   61.085813587016105      9100.64611884593
60      24656   63.84573965619597       9164.491858502126
61      26103   66.48461222137331       9230.976470723499
62      23309   58.41071252615101       9289.38718324965
63      26927   66.40609961536993       9355.79328286502
64      25043   60.79486958841594       9416.588152453434
65      23272   55.62639344877175       9472.214545902207
66      23467   55.24261004188363       9527.45715594409
67      21620   50.13504840456467       9577.592204348655
68      20723   47.348286405481154      9624.940490754136
69      20991   47.26553625268775       9672.206027006823
70      19710   43.747086607384674      9715.953113614209
71      17339   37.9425267991375        9753.895640413346
72      16446   35.488557024179336      9789.384197437525
73      16718   35.58131646765635       9824.965513905181
74      14300   30.023745453667406      9854.989259358848
75      12859   26.63829870989695       9881.627558068745
76      10752   21.98043156304708       9903.607989631791
77      9174    18.510943800384993      9922.118933432177
78      6727    13.399462470274994      9935.518395902453
79      5264    10.352597777321225      9945.870993679773
80      4388    8.521914714817527       9954.392908394591
81      1991    3.8189748015804486      9958.211883196172
82      1016    1.9250428775273158      9960.1369260737
83      402     0.7525034794470453      9960.889429553146
84      166     0.30703603825578624     9961.196465591402
total ic cost = $9961.20


In all, we received 3955542 usable holdings entries
(1 s, 2323100 monos, 404451 multis, 1227990 serials)
containing 2273847 unique OCLC numbers.
Of the unique OCLC numbers, 1003915 (44.15%) match HathiTrust,
corresponding to 2306028 HathiTrust items.
Of those, 524920 (22.76%) are open, 1781108 (77.24%) are closed.
